                    precision    recall  f1-score   support

           大观通宝_仰大       1.00      1.00      1.00         2
           大观通宝_仰通       1.00      0.50      0.67         2
           大观通宝_俯大       1.00      1.00      1.00         2
           大观通宝_俯观       1.00      1.00      1.00         2
           大观通宝_大字       1.00      0.50      0.67         2
         大观通宝_大字昂通       0.67      1.00      0.80         2
         大观通宝_大字降宝       1.00      1.00      1.00         2
           大观通宝_大宝       1.00      1.00      1.00         2
           大观通宝_宽观       1.00      1.00      1.00         2
           大观通宝_小字       1.00      0.50      0.67         2
         大观通宝_小字降宝       0.50      0.50      0.50         2
           大观通宝_小观       0.50      0.50      0.50         2
          大观通宝_平头通       1.00      1.00      1.00         2
          大观通宝_广草观       1.00      1.00      1.00         2
         大观通宝_御书短通       0.67      1.00      0.80         2
           大观通宝_斜通       1.00      1.00      1.00         2
         大观通宝_斜通狭穿       1.00      1.00      1.00         2
         大观通宝_斜通狭观       1.00      1.00      1.00         2
         大观通宝_昂通广大       1.00      1.00      1.00         2
          大观通宝_欠草观       1.00      0.50      0.67         2
          大观通宝_狭俯大       0.50      1.00      0.67         2
        大观通宝_狭俯大阔缘       1.00      0.50      0.67         2
           大观通宝_狭宝       1.00      1.00      1.00         2
         大观通宝_狭宝宽字       0.67      1.00      0.80         2
         大观通宝_狭宝小字       0.67      1.00      0.80         2
       大观通宝_狭宝小字阔缘       1.00      1.00      1.00         2
         大观通宝_狭宝狭穿       1.00      1.00      1.00         2
         大观通宝_狭穿广大       1.00      1.00      1.00         2
           大观通宝_狭通       0.50      0.50      0.50         2
          大观通宝_短尾大       1.00      1.00      1.00         2
        大观通宝_短尾大寄郭       1.00      1.00      1.00         2
           大观通宝_短通       1.00      0.50      0.67         2
         大观通宝_短通狭观       1.00      1.00      1.00         2
         大观通宝_短通细缘       1.00      1.00      1.00         2
        大观通宝_离头离点通       1.00      0.50      0.67         2
        大观通宝_肥字广草观       1.00      1.00      1.00         2
           大观通宝_退大       1.00      1.00      1.00         2
         大观通宝_退大昂宝       0.67      1.00      0.80         2
           大观通宝_阔大       1.00      1.00      1.00         2
           大观通宝_降通       1.00      0.50      0.67         2
         大观通宝_降通小字       0.67      1.00      0.80         2
         大观通宝_降通阔缘       1.00      1.00      1.00         2
         大观通宝_降通隔轮       1.00      1.00      1.00         2
       宣和通宝_中禾(真书)       1.00      1.00      1.00         2
       宣和通宝_仰宣(篆书)       1.00      1.00      1.00         1
       宣和通宝_仰通(篆书)       1.00      1.00      1.00         2
       宣和通宝_俯宣(真书)       1.00      0.50      0.67         2
       宣和通宝_俯宣(篆书)       1.00      1.00      1.00         2
       宣和通宝_圆冠(真书)       1.00      1.00      1.00         2
       宣和通宝_圆冠(篆书)       1.00      1.00      1.00         2
    宣和通宝_圆冠背大郭(真书)       1.00      1.00      1.00         2
    宣和通宝_圆冠背大郭(篆书)       1.00      1.00      1.00         2
    宣和通宝_圆贝宝大字(真书)       1.00      1.00      1.00         1
    宣和通宝_圆贝宝小和(真书)       1.00      1.00      1.00         1
    宣和通宝_圆贝宝狭通(真书)       1.00      1.00      1.00         1
       宣和通宝_寄郭(真书)       1.00      1.00      1.00         2
       宣和通宝_寄郭(篆书)       0.67      1.00      0.80         2
     宣和通宝_寄郭大字(真书)       1.00      0.50      0.67         2
     宣和通宝_寄郭大字(篆书)       1.00      1.00      1.00         2
     宣和通宝_寄郭大样(真书)       1.00      1.00      1.00         2
     宣和通宝_寄郭大样(篆书)       0.50      1.00      0.67         2
     宣和通宝_寄郭广郭(真书)       1.00      1.00      1.00         2
     宣和通宝_寄郭广郭(篆书)       1.00      1.00      1.00         2
     宣和通宝_小字广穿(真书)       1.00      1.00      1.00         2
     宣和通宝_小字广穿(篆书)       1.00      1.00      1.00         2
     宣和通宝_小字离一(真书)       1.00      0.50      0.67         2
     宣和通宝_小字离一(篆书)       1.00      1.00      1.00         2
     宣和通宝_小字连一(真书)       1.00      0.50      0.67         2
     宣和通宝_小字连一(篆书)       1.00      0.50      0.67         2
     宣和通宝_小字阔和(真书)       1.00      1.00      1.00         2
     宣和通宝_小样大字(真书)       1.00      1.00      1.00         2
     宣和通宝_小样大字(篆书)       1.00      1.00      1.00         2
      宣和通宝_巨头宝(真书)       1.00      1.00      1.00         2
     宣和通宝_广穿大字(真书)       1.00      1.00      1.00         2
     宣和通宝_广穿大字(篆书)       1.00      1.00      1.00         2
       宣和通宝_广郭(真书)       1.00      1.00      1.00         2
       宣和通宝_广郭(篆书)       1.00      1.00      1.00         2
     宣和通宝_广郭狭禾(篆书)       1.00      1.00      1.00         2
    宣和通宝_广郭背肥郭(篆书)       1.00      1.00      1.00         2
     宣和通宝_广郭阔宝(真书)       1.00      1.00      1.00         2
     宣和通宝_广郭阔宝(篆书)       1.00      1.00      1.00         2
       宣和通宝_异和(真书)       1.00      1.00      1.00         2
       宣和通宝_异和(篆书)       1.00      1.00      1.00         2
       宣和通宝_方冠(真书)       1.00      1.00      1.00         2
       宣和通宝_方冠(篆书)       1.00      1.00      1.00         2
      宣和通宝_昂通宝(真书)       1.00      1.00      1.00         2
      宣和通宝_昂通宝(篆书)       1.00      1.00      1.00         2
       宣和通宝_楷宣(真书)       1.00      1.00      1.00         2
     宣和通宝_楷宣小和(真书)       0.67      1.00      0.80         2
     宣和通宝_楷宣狭穿(真书)       1.00      1.00      1.00         2
     宣和通宝_楷宣阔缘(真书)       1.00      0.50      0.67         2
       宣和通宝_楷通(真书)       0.67      1.00      0.80         2
       宣和通宝_楷通(篆书)       0.50      1.00      0.67         2
      宣和通宝_正足宝(真书)       1.00      1.00      1.00         2
      宣和通宝_正足宝(篆书)       1.00      1.00      1.00         2
    宣和通宝_正足宝小和(真书)       1.00      1.00      1.00         2
       宣和通宝_正郭(真书)       0.50      1.00      0.67         2
       宣和通宝_正郭(篆书)       1.00      1.00      1.00         2
       宣和通宝_狭宣(篆书)       1.00      1.00      1.00         1
     宣和通宝_狭宣阔缘(篆书)       1.00      1.00      1.00         1
       宣和通宝_狭通(真书)       1.00      1.00      1.00         2
       宣和通宝_狭通(篆书)       1.00      1.00      1.00         2
     宣和通宝_狭通寄郭(真书)       0.67      1.00      0.80         2
     宣和通宝_狭通寄郭(篆书)       1.00      0.50      0.67         2
   宣和通宝_狭通寄郭厚肉(真书)       1.00      1.00      1.00         2
   宣和通宝_狭通寄郭厚肉(篆书)       1.00      1.00      1.00         2
   宣和通宝_狭通寄郭阔和(篆书)       1.00      1.00      1.00         2
     宣和通宝_狭通小字(真书)       1.00      1.00      1.00         2
     宣和通宝_狭通小样(真书)       1.00      1.00      1.00         2
     宣和通宝_狭通广郭(真书)       1.00      0.50      0.67         2
     宣和通宝_狭通细郭(真书)       1.00      1.00      1.00         2
     宣和通宝_狭通细郭(篆书)       1.00      1.00      1.00         2
     宣和通宝_狭通长和(真书)       1.00      1.00      1.00         2
     宣和通宝_狭通阔缘(真书)       1.00      0.50      0.67         2
     宣和通宝_狭通阔缘(篆书)       1.00      1.00      1.00         2
     宣和通宝_狭通隔轮(真书)       1.00      1.00      1.00         2
     宣和通宝_狭通隔轮(篆书)       0.00      0.00      0.00         1
       宣和通宝_短宝(真书)       1.00      1.00      1.00         2
       宣和通宝_短宝(篆书)       1.00      1.00      1.00         2
     宣和通宝_短宝厚肉(真书)       0.67      1.00      0.80         2
     宣和通宝_短宝厚肉(篆书)       0.67      1.00      0.80         2
     宣和通宝_短宝大字(真书)       1.00      1.00      1.00         2
     宣和通宝_短宝大字(篆书)       1.00      1.00      1.00         2
       宣和通宝_短宝大字小样       0.00      0.00      0.00         1
   宣和通宝_短宝大字降和(真书)       1.00      0.50      0.67         2
   宣和通宝_短宝大字降和(篆书)       1.00      1.00      1.00         2
     宣和通宝_短宝小字(真书)       0.50      0.50      0.50         2
     宣和通宝_短宝小字(篆书)       1.00      1.00      1.00         2
  宣和通宝_短宝小字面反郭(真书)       0.67      1.00      0.80         2
  宣和通宝_短宝小字面反郭(篆书)       1.00      1.00      1.00         2
宣和通宝_短宝小字面反郭俯宝(真书)       1.00      1.00      1.00         1
     宣和通宝_短宝小样(真书)       1.00      1.00      1.00         1
     宣和通宝_短宝巨字(真书)       1.00      1.00      1.00         1
     宣和通宝_短宝方回(篆书)       1.00      1.00      1.00         1
     宣和通宝_短宝狭穿(真书)       1.00      1.00      1.00         2
     宣和通宝_短宝狭穿(篆书)       0.67      1.00      0.80         2
     宣和通宝_短宝缩宣(真书)       1.00      1.00      1.00         2
    宣和通宝_短宝背阔缘(真书)       0.67      1.00      0.80         2
     宣和通宝_短宝薄肉(真书)       1.00      1.00      1.00         2
     宣和通宝_短宝薄肉(篆书)       1.00      1.00      1.00         2
  宣和通宝_短宝薄肉通寄郭(篆书)       1.00      0.50      0.67         2
     宣和通宝_短宝阔缘(真书)       1.00      1.00      1.00         2
     宣和通宝_短宝阔缘(篆书)       1.00      1.00      1.00         2
   宣和通宝_短宝阔缘昂宝(真书)       1.00      1.00      1.00         2
   宣和通宝_短宝阔缘昂宝(篆书)       1.00      1.00      1.00         2
       宣和通宝_离宝(真书)       1.00      1.00      1.00         2
       宣和通宝_离宝(篆书)       1.00      1.00      1.00         2
       宣和通宝_细郭(真书)       1.00      1.00      1.00         2
       宣和通宝_细郭(篆书)       1.00      0.50      0.67         2
     宣和通宝_细郭俯宝(篆书)       0.67      1.00      0.80         2
     宣和通宝_细郭小样(篆书)       1.00      0.50      0.67         2
       宣和通宝_美制(真书)       0.67      1.00      0.80         2
       宣和通宝_美制(篆书)       1.00      1.00      1.00         2
     宣和通宝_美制细缘(真书)       1.00      1.00      1.00         2
     宣和通宝_美制通异(真书)       1.00      1.00      1.00         2
     宣和通宝_美制阔缘(真书)       0.67      1.00      0.80         2
     宣和通宝_美制阔缘(篆书)       1.00      0.50      0.67         2
     宣和通宝_美制降一(真书)       1.00      1.00      1.00         1
    宣和通宝_肥字圆贝宝(真书)       1.00      1.00      1.00         2
    宣和通宝_肥字圆贝宝(篆书)       0.67      1.00      0.80         2
 宣和通宝_肥字圆贝宝背四出(篆书)       1.00      0.50      0.67         2
       宣和通宝_遒劲(真书)       0.67      1.00      0.80         2
       宣和通宝_遒劲(篆书)       0.33      0.50      0.40         2
       宣和通宝_长孔(真书)       1.00      1.00      1.00         2
       宣和通宝_长孔(篆书)       1.00      1.00      1.00         2
       宣和通宝_长宝(真书)       1.00      1.00      1.00         2
       宣和通宝_长宝(篆书)       1.00      1.00      1.00         2
     宣和通宝_长宝小异(篆书)       1.00      1.00      1.00         2
    宣和通宝_长宝背四出(真书)       1.00      1.00      1.00         2
       宣和通宝_长通(真书)       1.00      1.00      1.00         2
       宣和通宝_长通(篆书)       0.67      1.00      0.80         2
       宣和通宝_阔宝(真书)       1.00      1.00      1.00         2
       宣和通宝_阔宝(篆书)       1.00      1.00      1.00         2
       宣和通宝_阔宣(真书)       1.00      1.00      1.00         2
       宣和通宝_阔宣(篆书)       1.00      1.00      1.00         2
       宣和通宝_阔缘(真书)       1.00      1.00      1.00         1
       宣和通宝_阔缘(篆书)       0.00      0.00      0.00         2
       宣和通宝_降和(真书)       1.00      1.00      1.00         2
     宣和通宝_降和斜宝(真书)       1.00      1.00      1.00         2
      宣和通宝_隐起文(真书)       1.00      0.50      0.67         2
      宣和通宝_隐起文(篆书)       1.00      1.00      1.00         2
       宣和通宝_隔轮(真书)       1.00      1.00      1.00         1
       宣和通宝_隔轮(篆书)       1.00      0.50      0.67         2
     宣和通宝_隔轮大字(真书)       1.00      1.00      1.00         2
          崇宁通宝_三角通       1.00      1.00      1.00         2
          崇宁通宝_仰头通       1.00      1.00      1.00         2
           崇宁通宝_仰宝       1.00      1.00      1.00         2
        崇宁通宝_仰宝折尾通       1.00      0.50      0.67         2
         崇宁通宝_仰宝狭通       1.00      1.00      1.00         2
         崇宁通宝_仰宝退通       1.00      1.00      1.00         2
          崇宁通宝_俯头通       1.00      1.00      1.00         2
         崇宁通宝_勾宁广穿       1.00      1.00      1.00         2
          崇宁通宝_垂足宝       1.00      1.00      1.00         2
        崇宁通宝_垂足宝广穿       1.00      1.00      1.00         2
      崇宁通宝_垂足宝广穿小字       1.00      1.00      1.00         2
     崇宁通宝_垂足宝广穿短尾通       1.00      1.00      1.00         2
          崇宁通宝_大丁宁       1.00      1.00      1.00         2
           崇宁通宝_大字       1.00      1.00      1.00         2
         崇宁通宝_大字大宝       1.00      1.00      1.00         2
       崇宁通宝_大字大宝广穿       1.00      1.00      1.00         2
        崇宁通宝_大字高走通       1.00      1.00      1.00         2
          崇宁通宝_大足宝       1.00      0.50      0.67         2
        崇宁通宝_大足宝阔缘       0.67      1.00      0.80         2
           崇宁通宝_容弱       0.67      1.00      0.80         2
        崇宁通宝_容弱仰头通       1.00      1.00      1.00         2
         崇宁通宝_容弱小通       1.00      1.00      1.00         2
           崇宁通宝_宽丁       1.00      1.00      1.00         2
         崇宁通宝_宽丁仰崇       1.00      1.00      1.00         2
           崇宁通宝_宽字       0.40      1.00      0.57         2
        崇宁通宝_宽字仰头通       1.00      1.00      1.00         2
        崇宁通宝_宽字小头通       1.00      1.00      1.00         2
        崇宁通宝_宽字平尾通       1.00      0.50      0.67         2
         崇宁通宝_宽字细缘       1.00      1.00      1.00         2
       崇宁通宝_宽字细缘寄郭       1.00      1.00      1.00         2
         崇宁通宝_宽字退通       1.00      1.00      1.00         2
         崇宁通宝_宽字长宁       1.00      1.00      1.00         2
        崇宁通宝_宽字长点通       1.00      0.50      0.67         2
          崇宁通宝_小头通       0.67      1.00      0.80         2
           崇宁通宝_小字       1.00      1.00      1.00         2
       崇宁通宝_小字俯宁仰通       1.00      1.00      1.00         1
       崇宁通宝_小字俯宁俯宝       1.00      1.00      1.00         1
       崇宁通宝_小字俯宁俯通       1.00      1.00      1.00         2
       崇宁通宝_小字弯丁仰通       1.00      1.00      1.00         2
       崇宁通宝_小字弯丁进通       1.00      1.00      1.00         1
        崇宁通宝_小字退丁宁       1.00      1.00      1.00         2
        崇宁通宝_小字长鼻通       1.00      1.00      1.00         2
          崇宁通宝_小足宝       1.00      1.00      1.00         2
        崇宁通宝_小足宝缩字       1.00      1.00      1.00         2
           崇宁通宝_异书       1.00      1.00      1.00         2
         崇宁通宝_异书圆冠       1.00      1.00      1.00         2
       崇宁通宝_异书圆冠阔缘       1.00      1.00      1.00         1
         崇宁通宝_异书大字       1.00      1.00      1.00         2
       崇宁通宝_异书大字宽崇       1.00      1.00      1.00         2
         崇宁通宝_异书小字       1.00      1.00      1.00         2
        崇宁通宝_异书长尾通       1.00      1.00      1.00         2
         崇宁通宝_异宁大字       1.00      1.00      1.00         2
           崇宁通宝_斜宁       1.00      1.00      1.00         2
          崇宁通宝_方头通       1.00      1.00      1.00         2
         崇宁通宝_木崇离宝       0.67      1.00      0.80         2
           崇宁通宝_楷通       1.00      1.00      1.00         1
         崇宁通宝_楷通大字       1.00      1.00      1.00         2
        崇宁通宝_楷通平尾通       1.00      1.00      1.00         2
           崇宁通宝_正字       0.25      1.00      0.40         2
         崇宁通宝_正字中穿       1.00      0.50      0.67         2
         崇宁通宝_正字中缘       0.00      0.00      0.00         2
         崇宁通宝_正字俯通       1.00      0.50      0.67         2
        崇宁通宝_正字垂舟通       1.00      1.00      1.00         2
         崇宁通宝_正字小字       1.00      0.50      0.67         2
        崇宁通宝_正字开口通       0.50      1.00      0.67         2
         崇宁通宝_正字狭宁       1.00      1.00      1.00         2
         崇宁通宝_正字狭宝       1.00      1.00      1.00         2
         崇宁通宝_正字离宝       1.00      1.00      1.00         2
         崇宁通宝_正字美制       0.00      0.00      0.00         2
       崇宁通宝_正字美制深背       1.00      1.00      1.00         2
         崇宁通宝_正字长孔       1.00      1.00      1.00         2
         崇宁通宝_正字阔缘       0.40      1.00      0.57         2
         崇宁通宝_正字隔轮       0.50      0.50      0.50         2
      崇宁通宝_正字隔轮翘尾通       1.00      1.00      1.00         2
      崇宁通宝_正字隔轮背四决       1.00      1.00      1.00         1
       崇宁通宝_正字隔轮阔通       1.00      1.00      1.00         2
           崇宁通宝_正样       1.00      1.00      1.00         2
         崇宁通宝_狭字寄郭       0.67      1.00      0.80         2
         崇宁通宝_狭字离郭       1.00      1.00      1.00         1
         崇宁通宝_狭字降宁       1.00      0.50      0.67         2
           崇宁通宝_短丁       1.00      1.00      1.00         2
         崇宁通宝_短丁大通       1.00      1.00      1.00         2
         崇宁通宝_短丁长宝       1.00      1.00      1.00         2
          崇宁通宝_短点通       1.00      1.00      1.00         2
        崇宁通宝_短点通昂宁       1.00      1.00      1.00         2
           崇宁通宝_矮示       0.00      0.00      0.00         2
         崇宁通宝_矮示勾宁       1.00      0.50      0.67         2
         崇宁通宝_矮示昂宁       1.00      1.00      1.00         2
         崇宁通宝_矮示离宝       1.00      1.00      1.00         2
       崇宁通宝_矮示离宝大字       1.00      1.00      1.00         2
         崇宁通宝_矮示降宁       1.00      1.00      1.00         1
       崇宁通宝_矮示降宁中穿       0.33      0.50      0.40         2
           崇宁通宝_离宝       1.00      0.50      0.67         2
        崇宁通宝_离宝横点通       0.67      1.00      0.80         2
         崇宁通宝_离宝降宁       1.00      1.00      1.00         2
       崇宁通宝_离宝降宁仰崇       1.00      1.00      1.00         2
          崇宁通宝_立点通       1.00      1.00      1.00         2
           崇宁通宝_纤字       0.67      1.00      0.80         2
       崇宁通宝_纤字俯宁广穿       1.00      1.00      1.00         2
         崇宁通宝_纤字俯崇       1.00      1.00      1.00         2
         崇宁通宝_纤字宽通       1.00      1.00      1.00         2
        崇宁通宝_纤字昂宁宝       1.00      1.00      1.00         2
       崇宁通宝_纤字昂宝广穿       1.00      1.00      1.00         2
           崇宁通宝_细字       1.00      1.00      1.00         2
           崇宁通宝_美制       1.00      1.00      1.00         2
         崇宁通宝_美制纤字       1.00      1.00      1.00         2
           崇宁通宝_进崇       0.00      0.00      0.00         2
         崇宁通宝_进崇俯宁       1.00      0.50      0.67         2
       崇宁通宝_进崇俯宁俯通       0.00      0.00      0.00         2
 崇宁通宝_进崇俯宁近点进通(出谱)       0.67      1.00      0.80         2
      崇宁通宝_进崇俯宁近点通       1.00      1.00      1.00         2
       崇宁通宝_进崇俯宁进通       1.00      0.50      0.67         2
      崇宁通宝_进崇俯宁远点通       0.00      0.00      0.00         2
       崇宁通宝_进崇俯宁退通       0.33      1.00      0.50         2
         崇宁通宝_进崇昂宁       0.50      1.00      0.67         1
         崇宁通宝_进崇昂宝       0.00      0.00      0.00         1
           崇宁通宝_退崇       0.50      0.50      0.50         2
        崇宁通宝_退崇分冠宝       1.00      1.00      1.00         1
       崇宁通宝_退崇寄郭大字       1.00      1.00      1.00         2
       崇宁通宝_退崇寄郭狭通       1.00      0.50      0.67         2
         崇宁通宝_退崇抽示       1.00      1.00      1.00         2
         崇宁通宝_退崇梯背       0.50      0.50      0.50         2
         崇宁通宝_退崇狭宁       1.00      1.00      1.00         2
         崇宁通宝_退崇细缘       1.00      1.00      1.00         2
      崇宁通宝_退崇细缘背细郭       1.00      1.00      1.00         1
        崇宁通宝_退崇背反郭       0.33      0.50      0.40         2
        崇宁通宝_退崇背小郭       1.00      1.00      1.00         2
        崇宁通宝_退崇背肥郭       0.50      0.50      0.50         2
         崇宁通宝_退崇长宁       1.00      1.00      1.00         2
       崇宁通宝_退崇长宁阔字       1.00      1.00      1.00         2
         崇宁通宝_退崇阔缘       1.00      0.50      0.67         2
         崇宁通宝_退崇隔轮       1.00      1.00      1.00         2
       崇宁通宝_退崇隔轮狭宝       1.00      1.00      1.00         2
       崇宁通宝_退崇隔轮短宝       1.00      1.00      1.00         2
       崇宁通宝_退崇隔轮细缘       1.00      1.00      1.00         2
    崇宁通宝_退崇隔轮细缘背小郭       1.00      1.00      1.00         2
       崇宁通宝_退崇隔轮阔字       0.33      0.50      0.40         2
       崇宁通宝_退崇隔轮降宁       1.00      1.00      1.00         2
           崇宁通宝_遒劲       1.00      1.00      1.00         2
         崇宁通宝_遒劲小通       1.00      1.00      1.00         2
         崇宁通宝_遒劲昂宁       1.00      1.00      1.00         2
         崇宁通宝_遒劲降宁       1.00      1.00      1.00         2
           崇宁通宝_铁母       1.00      1.00      1.00         2
           崇宁通宝_长字       0.67      1.00      0.80         2
         崇宁通宝_长字异通       1.00      0.50      0.67         2
         崇宁通宝_长字降宁       1.00      0.50      0.67         2
       崇宁通宝_长字降宁阔宝       1.00      0.50      0.67         2
           崇宁通宝_长宝       1.00      1.00      1.00         2
         崇宁通宝_长宝进通       1.00      1.00      1.00         2
         崇宁通宝_长尾进通       1.00      1.00      1.00         2
        崇宁通宝_长尾通狭宝       1.00      1.00      1.00         2
         崇宁通宝_长短足宝       1.00      1.00      1.00         2
           崇宁通宝_阔字       1.00      1.00      1.00         2
         崇宁通宝_阔字宽宁       1.00      0.50      0.67         2
         崇宁通宝_阔字广通       0.50      0.50      0.50         2
        崇宁通宝_阔字立点通       1.00      1.00      1.00         2
         崇宁通宝_阔字肥宁       1.00      0.50      0.67         2
      崇宁通宝_阔字肥宁长尾通       0.67      1.00      0.80         2
           崇宁通宝_降宁       1.00      1.00      1.00         2
       崇宁通宝_降宁退崇异通       1.00      1.00      1.00         2
          崇宁通宝_隐起文       1.00      1.00      1.00         1
       政和通宝_大字(真书)       1.00      1.00      1.00         2
       政和通宝_大字(篆书)       1.00      1.00      1.00         2
         政和通宝_大字寄郭       1.00      1.00      1.00         2
     政和通宝_大字扁孔(篆书)       1.00      1.00      1.00         2
    政和通宝_大字背阔缘(真书)       1.00      1.00      1.00         2
    政和通宝_大字背阔缘(篆书)       1.00      1.00      1.00         2
     政和通宝_大字长宝(真书)       1.00      1.00      1.00         2
     政和通宝_大字长宝(篆书)       1.00      1.00      1.00         2
         政和通宝_大字阔缘       1.00      1.00      1.00         2
     政和通宝_大宝广穿(真书)       0.67      1.00      0.80         2
     政和通宝_大宝广穿(篆书)       1.00      1.00      1.00         2
     政和通宝_大宝狭穿(真书)       1.00      1.00      1.00         2
       政和通宝_寄郭(真书)       0.50      0.50      0.50         2
       政和通宝_寄郭(篆书)       1.00      1.00      1.00         2
     政和通宝_寄郭厚肉(真书)       1.00      0.50      0.67         2
     政和通宝_寄郭厚肉(篆书)       1.00      1.00      1.00         2
     政和通宝_寄郭大字(真书)       1.00      1.00      1.00         2
     政和通宝_寄郭大字(篆书)       1.00      0.50      0.67         2
     政和通宝_寄郭正足(真书)       1.00      1.00      1.00         2
     政和通宝_寄郭正足(篆书)       1.00      1.00      1.00         2
   政和通宝_寄郭正足小异(真书)       1.00      1.00      1.00         2
   政和通宝_寄郭正足小异(篆书)       1.00      1.00      1.00         1
     政和通宝_寄郭纤字(真书)       1.00      0.50      0.67         2
     政和通宝_寄郭纤字(篆书)       1.00      0.50      0.67         2
       政和通宝_小字(真书)       0.50      1.00      0.67         2
       政和通宝_小字(篆书)       0.67      1.00      0.80         2
         政和通宝_小字仰政       1.00      1.00      1.00         2
     政和通宝_小字小样(真书)       0.00      0.00      0.00         1
     政和通宝_小字小样(篆书)       0.00      0.00      0.00         1
   政和通宝_小字小样广郭(真书)       1.00      1.00      1.00         1
   政和通宝_小字小样广郭(篆书)       1.00      0.50      0.67         2
     政和通宝_小字广穿(真书)       0.67      1.00      0.80         2
     政和通宝_小字广穿(篆书)       1.00      1.00      1.00         2
     政和通宝_小字离郭(真书)       1.00      1.00      1.00         2
     政和通宝_小字离郭(篆书)       1.00      1.00      1.00         2
     政和通宝_小字纤字(篆书)       1.00      1.00      1.00         1
     政和通宝_小字细缘(真书)       1.00      1.00      1.00         2
    政和通宝_小字背阔缘(篆书)       1.00      1.00      1.00         2
     政和通宝_小字阔缘(真书)       1.00      1.00      1.00         2
     政和通宝_小字阔缘(篆书)       1.00      1.00      1.00         2
       政和通宝_小政(真书)       1.00      1.00      1.00         2
       政和通宝_小政(篆书)       1.00      1.00      1.00         2
       政和通宝_文政(真书)       0.67      1.00      0.80         2
       政和通宝_文政(篆书)       1.00      1.00      1.00         2
         政和通宝_文政篆书       1.00      1.00      1.00         1
         政和通宝_文政阔和       0.00      0.00      0.00         1
     政和通宝_文政阔和(真书)       1.00      1.00      1.00         2
     政和通宝_文政阔和(篆书)       1.00      1.00      1.00         2
       政和通宝_柳叶(真书)       1.00      1.00      1.00         2
       政和通宝_柳叶(篆书)       1.00      1.00      1.00         2
     政和通宝_柳叶进和(真书)       1.00      1.00      1.00         2
     政和通宝_柳叶进和(篆书)       1.00      1.00      1.00         2
     政和通宝_柳叶长通(真书)       1.00      1.00      1.00         2
     政和通宝_柳叶长通(篆书)       1.00      1.00      1.00         2
         政和通宝_柳叶阔政       1.00      1.00      1.00         2
         政和通宝_楷书中禾       1.00      1.00      1.00         2
         政和通宝_楷书大字       1.00      1.00      1.00         2
         政和通宝_楷书抱正       1.00      1.00      1.00         2
         政和通宝_楷书接郭       1.00      1.00      1.00         2
     政和通宝_楷书文政(真书)       0.67      1.00      0.80         2
     政和通宝_楷书文政(篆书)       1.00      1.00      1.00         2
       政和通宝_楷书文政大字       0.00      0.00      0.00         1
       政和通宝_楷书文政大样       1.00      0.50      0.67         2
       政和通宝_楷书文政曳尾       0.67      1.00      0.80         2
       政和通宝_楷书文政阔缘       1.00      1.00      1.00         2
         政和通宝_楷书狭穿       1.00      1.00      1.00         2
         政和通宝_楷书遒劲       1.00      1.00      1.00         2
       政和通宝_楷通(真书)       1.00      1.00      1.00         2
       政和通宝_楷通(篆书)       1.00      0.50      0.67         2
         政和通宝_楷通大字       1.00      1.00      1.00         2
     政和通宝_楷通阔缘(真书)       0.67      1.00      0.80         2
     政和通宝_楷通阔缘(篆书)       1.00      0.50      0.67         2
       政和通宝_正字(真书)       1.00      1.00      1.00         2
       政和通宝_正字(篆书)       1.00      1.00      1.00         2
     政和通宝_正字广穿(真书)       1.00      1.00      1.00         1
       政和通宝_深字(真书)       1.00      1.00      1.00         2
       政和通宝_深字(篆书)       1.00      1.00      1.00         2
       政和通宝_狭和(真书)       0.00      0.00      0.00         1
       政和通宝_狭和(篆书)       1.00      1.00      1.00         1
     政和通宝_狭和小异(真书)       1.00      1.00      1.00         1
     政和通宝_狭和小异(篆书)       1.00      1.00      1.00         2
     政和通宝_狭和昂宝(篆书)       1.00      0.50      0.67         2
     政和通宝_狭和细郭(篆书)       0.50      1.00      0.67         2
   政和通宝_狭和细郭进政(真书)       1.00      1.00      1.00         2
   政和通宝_狭和细郭降通(真书)       1.00      1.00      1.00         2
     政和通宝_狭和退政(真书)       1.00      0.50      0.67         2
     政和通宝_狭和退政(篆书)       1.00      1.00      1.00         1
          政和通宝_狭小政       1.00      1.00      1.00         2
       政和通宝_狭政(真书)       1.00      1.00      1.00         2
       政和通宝_狭政(篆书)       1.00      1.00      1.00         1
     政和通宝_狭政小字(真书)       0.50      0.50      0.50         2
     政和通宝_狭政小字(篆书)       1.00      1.00      1.00         2
     政和通宝_狭政阔和(真书)       1.00      0.50      0.67         2
     政和通宝_狭政阔和(篆书)       1.00      1.00      1.00         2
       政和通宝_狭穿(真书)       1.00      1.00      1.00         2
       政和通宝_狭穿(篆书)       1.00      1.00      1.00         2
     政和通宝_狭穿小和(篆书)       1.00      1.00      1.00         2
     政和通宝_狭穿广郭(真书)       1.00      1.00      1.00         2
     政和通宝_狭穿广郭(篆书)       1.00      1.00      1.00         2
         政和通宝_狭穿阔缘       1.00      1.00      1.00         2
          政和通宝_狭进和       1.00      1.00      1.00         2
    政和通宝_狭通三寄郭(真书)       0.67      1.00      0.80         2
    政和通宝_狭通三寄郭(篆书)       1.00      0.50      0.67         2
  政和通宝_狭通三寄郭小异(真书)       1.00      1.00      1.00         2
  政和通宝_狭通三寄郭小异(篆书)       1.00      1.00      1.00         2
     政和通宝_狭通中和(篆书)       1.00      0.50      0.67         2
     政和通宝_狭通中禾(真书)       1.00      1.00      1.00         2
     政和通宝_狭通中禾(篆书)       0.50      0.50      0.50         2
     政和通宝_狭通狭和(真书)       1.00      1.00      1.00         2
     政和通宝_狭通狭和(篆书)       0.67      1.00      0.80         2
       政和通宝_狭通狭和狭穿       1.00      1.00      1.00         2
  政和通宝_狭通狭和背阔缘(真书)       1.00      1.00      1.00         1
  政和通宝_狭通狭和背阔缘(篆书)       1.00      1.00      1.00         2
         政和通宝_狭通阔和       1.00      1.00      1.00         2
     政和通宝_狭通阔和(真书)       1.00      0.50      0.67         2
     政和通宝_狭通阔和(篆书)       0.67      1.00      0.80         2
   政和通宝_狭通阔和小样(篆书)       1.00      1.00      1.00         2
     政和通宝_短宝狭穿(真书)       0.40      1.00      0.57         2
     政和通宝_短宝狭穿(篆书)       1.00      1.00      1.00         2
       政和通宝_细郭(真书)       1.00      1.00      1.00         2
       政和通宝_细郭(篆书)       1.00      1.00      1.00         2
     政和通宝_细郭中禾(真书)       1.00      1.00      1.00         2
     政和通宝_细郭中禾(篆书)       1.00      1.00      1.00         2
     政和通宝_细郭阔和(真书)       1.00      1.00      1.00         2
     政和通宝_细郭阔和(篆书)       1.00      1.00      1.00         2
       政和通宝_美制(真书)       1.00      0.50      0.67         2
       政和通宝_美制(篆书)       1.00      1.00      1.00         2
     政和通宝_美制昂政(真书)       1.00      1.00      1.00         2
     政和通宝_美制昂政(篆书)       1.00      1.00      1.00         2
   政和通宝_美制昂政小字(真书)       1.00      1.00      1.00         2
   政和通宝_美制昂政小字(篆书)       1.00      1.00      1.00         2
     政和通宝_美制狭穿(真书)       1.00      0.50      0.67         2
     政和通宝_美制狭穿(篆书)       1.00      1.00      1.00         2
      政和通宝_重和样(真书)       1.00      1.00      1.00         2
      政和通宝_重和样(篆书)       0.67      1.00      0.80         2
    政和通宝_重和样长宝(真书)       1.00      1.00      1.00         2
    政和通宝_重和样长宝(篆书)       1.00      1.00      1.00         2
         政和通宝_长宝狭穿       1.00      0.50      0.67         2
      政和通宝_长宝狭穿背四出       1.00      0.50      0.67         2
       政和通宝_长通(真书)       1.00      1.00      1.00         2
       政和通宝_长通(篆书)       1.00      1.00      1.00         2
       政和通宝_阔和(真书)       1.00      1.00      1.00         2
       政和通宝_阔和(篆书)       1.00      1.00      1.00         2
     政和通宝_阔和小样(真书)       1.00      1.00      1.00         2
    政和通宝_阔和背肥郭(篆书)       1.00      1.00      1.00         2
       政和通宝_阔字(真书)       1.00      1.00      1.00         2
       政和通宝_阔字(篆书)       0.50      1.00      0.67         2
     政和通宝_阔字小样(真书)       1.00      1.00      1.00         1
     政和通宝_阔字阔缘(真书)       1.00      1.00      1.00         2
     政和通宝_阔字阔缘(篆书)       0.67      1.00      0.80         2
   政和通宝_阔字阔缘广穿(篆书)       0.00      0.00      0.00         1
     政和通宝_阔政狭穿(真书)       1.00      1.00      1.00         2
     政和通宝_阔政狭穿(篆书)       1.00      1.00      1.00         2
           政和通宝_阔通       1.00      1.00      1.00         2
       政和通宝_阔通(篆书)       1.00      1.00      1.00         2
      政和通宝_面反郭(真书)       1.00      1.00      1.00         2
      政和通宝_面反郭(篆书)       1.00      1.00      1.00         2

          accuracy                           0.89       959
         macro avg       0.91      0.89      0.88       959
      weighted avg       0.91      0.89      0.89       959
